import numpy as np

def Cs(to):
    return 0.1260 * np.exp(-0.36 * to**2)

x0 = np.array([0.000, 1.445, 2.890, 4.335, 5.780])
l0 = np.array([0.7225, 2.1675, 3.6125, 5.0575])
dx = l0[:, None] - x0[None, :]
CSpS = Cs(dx)
# print(CSpS)
L = np.array([
              [ 4.40292923, -6.02969052,  0.8610966 , -1.24483855,  2.01050324],
              [-6.02969052, 11.74237141, -6.6405098 ,  2.17266746, -1.24483855],
              [ 0.8610966 , -6.6405098 , 11.55882641, -6.6405098 ,  0.8610966 ],
              [-1.24483855,  2.17266746, -6.6405098 , 11.74237141, -6.02969052],
              [ 2.01050324, -1.24483855,  0.8610966 , -6.02969052,  4.40292923]
])

W = np.array([0.,0.0000495,-1.341501,-2.5550515,-3.758402]).reshape(5,1)
SCapP = CSpS@L@W
# print(SCapP)
